0 FILE 10294 - Titanic - main.ldr
0 Titanic - main
0 Name: 10294 - Titanic - main.ldr
0 Author: Jens Brühl [jb70]
0 !LDRAW_ORG Unofficial_Model
0 !LICENSE Redistributable under CCAL version 2.0 : see CAreadme.txt

1 16 0 -104 -930 1 0 0 0 1 0 0 0 1 10294 - Titanic - Box 1.ldr
1 16 0 -104 -50 1 0 0 0 1 0 0 0 1 10294 - Titanic - Box 2.ldr
0 STEP
1 0 0 -480 -540 1 0 0 0 1 0 0 0 1 10294 - Titanic - 4.28.3.ldr
0 STEP
1 320 0 -104 830 1 0 0 0 1 0 0 0 1 10294 - Titanic - Box 3.ldr
0 STEP
1 0 0 -480 420 1 0 0 0 1 0 0 0 1 10294 - Titanic - 4.28.3.ldr
1 0 0 -1012 -1060 0 0 -1 0 1 0 1 0 0 10294 - Titanic - 6.46.3.ldr
1 0 0 -1012 -240 0 0 -1 0 1 0 1 0 0 10294 - Titanic - 6.46.3.ldr
1 0 300 -19 0 0 -0.629 -0.777 0 0.777 -0.629 1 0 0 10294 - Titanic - 6.46.4.ldr
0 STEP

0 FILE 10294 - Titanic - Box 1.ldr
0 Titanic - Box 1
0 Name: 10294 - Titanic - Box 1.ldr
0 Author: Jens Brühl [jb70]
0 !LDRAW_ORG Unofficial_Model
0 !LICENSE Redistributable under CCAL version 2.0 : see CAreadme.txt

1 70 0 0 -120 1 0 0 0 1 0 0 0 1 10294 - Titanic - 1.0 Bow & Well Deck.ldr
1 70 0 0 300 1 0 0 0 1 0 0 0 1 10294 - Titanic - 2.0 Bridge & Funnel.ldr
0 STEP
1 0 75.052 -22 -140.391 0 -0.986 0.164 1 0 0 0 0.164 0.986 10294 - Titanic - 2.11.1.ldr
1 15 -75.052 -22 -140.391 0 0.986 -0.164 -1 0 0 0 0.164 0.984 10294 - Titanic - 2.11.2.ldr
0 STEP
1 70 -148 -232 -80 0 1 0 -1 0 0 0 0 1 10294 - Titanic - 2.12.1.1.ldr
0 STEP
1 320 -180 -32 292 0 1 0 -1 0 0 0 0 1 42918.dat
1 15 -170 -280 -20 -1 0 0 0 1 0 0 0 -1 10294 - Titanic - 2.12.2.1.ldr
1 15 -170 -304 30 0 0 1 0 1 0 -1 0 0 6541.dat
1 15 -170 -304 60 0 0 1 0 1 0 -1 0 0 3700.dat
0 STEP
1 70 148 -232 -80 0 -1 0 1 0 0 0 0 1 10294 - Titanic - 2.12.1.3.ldr
0 STEP
1 320 180 -32 292 0 -1 0 1 0 0 0 0 1 42918.dat
1 320 170 -280 -20 -1 0 0 0 1 0 0 0 -1 10294 - Titanic - 2.12.2.2.ldr
1 15 170 -304 30 0 0 1 0 1 0 -1 0 0 6541.dat
1 15 170 -304 60 0 0 1 0 1 0 -1 0 0 3700.dat
0 STEP
1 15 170 -328 40 0 0 1 0 1 0 -1 0 0 15207.dat
1 15 -170 -328 40 0 0 -1 0 1 0 1 0 0 15207.dat
1 15 170 -328 -30 -1 0 0 0 1 0 0 0 -1 91501.dat
1 15 -170 -328 -30 0 0 -1 0 1 0 1 0 0 91501.dat
1 70 140 -408 90 0.94 0 -0.342 0 1 0 0.342 0 0.94 10294 - Titanic - 2.12.3.1.ldr
1 70 140 -408 190 0.94 0 0.342 0 1 0 -0.342 0 0.94 10294 - Titanic - 2.12.3.1.ldr
1 70 140 -408 230 0.94 0 -0.342 0 1 0 0.342 0 0.94 10294 - Titanic - 2.12.3.1.ldr
1 70 140 -408 330 0.94 0 0.342 0 1 0 -0.342 0 0.94 10294 - Titanic - 2.12.3.1.ldr
1 70 140 -408 370 0.94 0 -0.342 0 1 0 0.342 0 0.94 10294 - Titanic - 2.12.3.1.ldr
1 70 -140 -408 90 -0.94 0 -0.342 0 1 0 0.342 0 -0.94 10294 - Titanic - 2.12.3.1.ldr
1 70 -140 -408 190 -0.94 0 0.342 0 1 0 -0.342 0 -0.94 10294 - Titanic - 2.12.3.1.ldr
1 70 -140 -408 230 -0.94 0 -0.342 0 1 0 0.342 0 -0.94 10294 - Titanic - 2.12.3.1.ldr
1 70 -140 -408 370 -0.94 0 -0.342 0 1 0 0.342 0 -0.94 10294 - Titanic - 2.12.3.1.ldr
1 70 -140 -408 330 -0.94 0 0.342 0 1 0 -0.342 0 -0.94 10294 - Titanic - 2.12.3.1.ldr
0 STEP
1 70 170 -424 140 1 0 0 0 1 0 0 0 1 10294 - Titanic - 2.12.3.2.ldr
1 70 170 -424 280 1 0 0 0 1 0 0 0 1 10294 - Titanic - 2.12.3.2.ldr
1 70 -170 -424 280 1 0 0 0 1 0 0 0 1 10294 - Titanic - 2.12.3.2.ldr
1 70 -170 -424 140 1 0 0 0 1 0 0 0 1 10294 - Titanic - 2.12.3.2.ldr
0 STEP
1 70 0 8 -120 1 0 0 0 1 0 0 0 1 10294 - Titanic - 2.12.4.ldr
1 70 0 8 300 1 0 0 0 1 0 0 0 1 10294 - Titanic - 2.12.4.ldr

0 FILE 10294 - Titanic - 1.0 Bow & Well Deck.ldr
0 Titanic - 1.0 Bow & Well Deck
0 Name: 10294 - Titanic - 1.0 Bow & Well Deck.ldr
0 Author: Jens Brühl [jb70]
0 !LDRAW_ORG Unofficial_Model
0 !LICENSE Redistributable under CCAL version 2.0 : see CAreadme.txt

1 320 0 0 -30 1 0 0 0 1 0 0 0 1 3710.dat
1 0 0 -8 40 0 0 1 0 1 0 -1 0 0 3738.dat
0 STEP
1 72 0 0 0 0 0 1 0 1 0 -1 0 0 4032a.dat
1 320 0 0 30 1 0 0 0 1 0 0 0 1 3710.dat
1 320 0 0 80 1 0 0 0 1 0 0 0 1 3031.dat
0 STEP
1 71 50 -8 100 1 0 0 0 1 0 0 0 1 3021.dat
1 71 50 -8 60 1 0 0 0 1 0 0 0 1 3021.dat
1 71 -50 -8 100 1 0 0 0 1 0 0 0 1 3021.dat
1 71 -50 -8 60 1 0 0 0 1 0 0 0 1 3021.dat
1 320 70 0 0 1 0 0 0 1 0 0 0 1 47397.dat
1 320 -70 0 0 1 0 0 0 1 0 0 0 1 47398.dat
0 STEP
1 19 40 -8 0 0 0 -1 0 1 0 1 0 0 87079.dat
1 19 -40 -8 0 0 0 -1 0 1 0 1 0 0 87079.dat
1 320 30 0 0 0 0 -1 0 1 0 1 0 0 3023.dat
1 320 -30 0 0 0 0 -1 0 1 0 1 0 0 3023.dat
0 STEP
1 71 0 -32 110 1 0 0 0 1 0 0 0 1 3702.dat
1 1 0 -22 110 0 0 -1 0 1 0 1 0 0 6558.dat
1 19 0 -32 80 0 0 -1 0 1 0 1 0 0 17485.dat
1 0 0 -22 60 0 0 -1 0 1 0 1 0 0 2780.dat
1 19 0 -32 40 0 0 -1 0 1 0 1 0 0 17485.dat
1 14 0 -32 0 0 0 -1 0 1 0 1 0 0 6232.dat
0 STEP
1 320 0 0 -80 1 0 0 0 1 0 0 0 1 3031.dat
1 1 0 -8 -120 0 0 1 0 1 0 -1 0 0 3034.dat
1 1 40 -8 -50 -1 0 0 0 1 0 0 0 -1 15573.dat
1 1 -40 -8 -50 -1 0 0 0 1 0 0 0 -1 15573.dat
1 19 -40 -8 -80 -1 0 0 0 1 0 0 0 -1 3068b.dat
1 19 40 -8 -80 -1 0 0 0 1 0 0 0 -1 3068b.dat
0 STEP
1 70 0 -32 -40 -1 0 0 0 1 0 0 0 -1 3003.dat
1 1 0 -40 20 0 0 1 0 1 0 -1 0 0 3034.dat
1 320 0 -48 -50 1 0 0 0 1 0 0 0 1 3023.dat
1 0 -60 -32 90 1 0 0 0 1 0 0 0 1 3039.dat
1 0 60 -32 90 1 0 0 0 1 0 0 0 1 3039.dat
0 STEP
1 320 30 0 -240 1 0 0 0 1 0 0 0 1 47397.dat
1 320 -30 0 -240 1 0 0 0 1 0 0 0 1 47398.dat
0 STEP
1 19 30 -8 -130 0 0 -1 0 1 0 1 0 0 63864.dat
1 19 -30 -8 -130 0 0 -1 0 1 0 1 0 0 63864.dat
1 19 0 -8 -240 0 0 -1 0 1 0 1 0 0 87079.dat
1 14 30 -8 -170 0 0 -1 0 1 0 1 0 0 85861.dat
1 14 -30 -8 -170 0 0 -1 0 1 0 1 0 0 85861.dat
1 71 -10 -8 -310 0 0 -1 0 1 0 1 0 0 34103.dat
1 71 10 -8 -310 0 0 -1 0 1 0 1 0 0 34103.dat
1 15 0 -24 -370 0 0 -1 0 1 0 1 0 0 3002.dat
1 320 0 0 -380 0 0 -1 0 1 0 1 0 0 11203.dat
0 STEP
1 19 -20 -16 -290 1 0 0 0 1 0 0 0 1 10294 - Titanic - 1.1.1.1.ldr
0 STEP
1 19 20 -16 -290 1 0 0 0 1 0 0 0 1 10294 - Titanic - 1.1.1.2.ldr
0 STEP
1 71 0 -32 -330 0 0 -1 0 1 0 1 0 0 3021.dat
1 70 0 -56 -320 0 0 -1 0 1 0 1 0 0 3003.dat
1 320 10 -32 -380 0 0 -1 0 1 0 1 0 0 44728.dat
1 320 -10 -32 -380 0 0 1 0 1 0 -1 0 0 44728.dat
0 STEP
1 70 0 -56 -420 1 0 0 0 1 0 0 0 1 10294 - Titanic - 1.1.2.ldr
0 STEP
1 320 40 -22 -370 0 -1 0 1 0 0 0 0 1 10294 - Titanic - 77180.dat
1 320 -40 -22 -370 0 1 0 -1 0 0 0 0 1 10294 - Titanic - 77182.dat
1 320 48 -22 -370 0 -1 0 1 0 0 0 0 1 3070b.dat
1 320 -48 -22 -370 0 1 0 -1 0 0 0 0 1 3070b.dat
0 STEP
1 15 0 -80 -330 0 0 -1 0 1 0 1 0 0 3002.dat
1 19 0 -80 -380 0 0 -1 0 1 0 1 0 0 3022.dat
1 19 0 -80 -480 0 0 -1 0 1 0 1 0 0 3022.dat
1 14 0 -56 -50 1 0 0 0 1 0 0 0 1 3666.dat
0 STEP
1 71 -70 -104 100 0 0 -1 0 1 0 1 0 0 3684c.dat
1 71 -70 -152 100 0 0 -1 0 1 0 1 0 0 3245c.dat
1 71 70 -104 100 0 0 1 0 1 0 -1 0 0 3684c.dat
1 71 70 -152 100 0 0 1 0 1 0 -1 0 0 3245c.dat
1 71 -50 -128 -50 0 0 -1 0 1 0 1 0 0 4460b.dat
1 71 -50 -152 -50 0 0 -1 0 1 0 1 0 0 3062b.dat
1 71 50 -128 -50 0 0 1 0 1 0 -1 0 0 4460b.dat
1 71 50 -152 -50 0 0 1 0 1 0 -1 0 0 3062b.dat
1 70 0 -104 -480 0 0 -1 0 1 0 1 0 0 3003.dat
1 4 0 -104 -360 0 0 -1 0 1 0 1 0 0 3001.dat
1 1 0 -104 -310 -1 0 0 0 1 0 0 0 -1 3660.dat
0 STEP
1 0 0 -64 -170 -1 0 0 0 1 0 0 0 -1 3010.dat
1 0 0 -88 -170 -1 0 0 0 1 0 0 0 -1 3010.dat
1 0 0 -112 -170 -1 0 0 0 1 0 0 0 -1 3010.dat
1 1 0 -120 -170 -1 0 0 0 1 0 0 0 -1 41740.dat
1 14 30 -128 -170 0 0 -1 0 1 0 1 0 0 85861.dat
1 14 -30 -128 -170 0 0 -1 0 1 0 1 0 0 85861.dat
1 71 0 -112 -310 0 0 -1 0 1 0 1 0 0 3021.dat
1 71 -10 -120 -310 0 0 -1 0 1 0 1 0 0 34103.dat
1 71 10 -120 -310 0 0 -1 0 1 0 1 0 0 34103.dat
1 320 10 -112 -380 0 0 -1 0 1 0 1 0 0 44728.dat
1 320 10 -112 -480 0 0 -1 0 1 0 1 0 0 44728.dat
1 320 -10 -112 -380 0 0 1 0 1 0 -1 0 0 44728.dat
1 320 -10 -112 -480 0 0 1 0 1 0 -1 0 0 44728.dat
0 STEP
1 15 -20 -128 -290 1 0 0 0 1 0 0 0 1 10294 - Titanic - 1.1.3.1.ldr
1 15 20 -128 -290 1 0 0 0 1 0 0 0 1 10294 - Titanic - 1.1.3.2.ldr
0 STEP
1 19 0 -120 -480 0 0 -1 0 1 0 1 0 0 3022.dat
1 70 0 -144 -480 0 0 -1 0 1 0 1 0 0 3003.dat
1 320 -10 -152 -480 0 0 1 0 1 0 -1 0 0 44728.dat
1 320 10 -152 -480 0 0 -1 0 1 0 1 0 0 44728.dat
1 19 0 -120 -380 0 0 -1 0 1 0 1 0 0 3022.dat
1 70 0 -144 -380 0 0 -1 0 1 0 1 0 0 3003.dat
1 320 -10 -152 -380 0 0 1 0 1 0 -1 0 0 44728.dat
1 320 10 -152 -380 0 0 -1 0 1 0 1 0 0 44728.dat
1 70 0 -152 -310 0 0 -1 0 1 0 1 0 0 3003.dat
1 1 -10 -160 -310 0 0 -1 0 1 0 1 0 0 15573.dat
1 1 10 -160 -310 0 0 -1 0 1 0 1 0 0 15573.dat
0 STEP
1 1 0 -160 100 1 0 0 0 1 0 0 0 1 3034.dat
1 14 0 -160 -50 1 0 0 0 1 0 0 0 1 3666.dat
1 15 10 -160 -380 0 0 -1 0 1 0 1 0 0 99207.dat
1 15 -10 -160 -380 0 0 1 0 1 0 -1 0 0 99207.dat
1 15 -10 -160 -480 0 0 1 0 1 0 -1 0 0 99207.dat
1 15 10 -160 -480 0 0 -1 0 1 0 1 0 0 99207.dat
0 STEP
1 0 -50 -184 20 0 0 1 0 1 0 -1 0 0 3008.dat
1 0 50 -184 20 0 0 1 0 1 0 -1 0 0 3008.dat
1 0 -30 -184 -120 0 0 1 0 1 0 -1 0 0 3008.dat
1 0 30 -184 -120 0 0 1 0 1 0 -1 0 0 3008.dat
1 15 -10 -184 -340 0 0 1 0 1 0 -1 0 0 2465.dat
1 15 10 -184 -340 0 0 1 0 1 0 -1 0 0 2465.dat
1 71 0 -184 -50 -1 0 0 0 1 0 0 0 -1 30136.dat
1 71 -70 -184 90 -1 0 0 0 1 0 0 0 -1 3062b.dat
1 71 70 -184 90 -1 0 0 0 1 0 0 0 -1 3062b.dat
0 STEP
1 70 24 -112 -380 0 -1 0 1 0 0 0 0 1 10294 - Titanic - 1.1.4.1.ldr
0 STEP
1 70 -24 -112 -380 0 1 0 -1 0 0 0 0 1 10294 - Titanic - 1.1.4.2.ldr
0 STEP
1 71 70 -232 110 0 0 1 0 1 0 -1 0 0 4460b.dat
1 71 -70 -232 110 0 0 -1 0 1 0 1 0 0 4460b.dat
1 71 0 -192 -370 0 0 -1 0 1 0 1 0 0 3021.dat
1 1 0 -192 80 1 0 0 0 1 0 0 0 1 3034.dat
1 1 0 -192 0 1 0 0 0 1 0 0 0 1 3034.dat
1 14 0 -192 -100 1 0 0 0 1 0 0 0 1 3795.dat
1 1 0 -192 -240 0 0 1 0 1 0 -1 0 0 3020.dat
1 14 -30 -192 -160 0 0 1 0 1 0 -1 0 0 3023.dat
1 14 30 -192 -160 0 0 1 0 1 0 -1 0 0 3023.dat
1 1 0 -208 -40 -1 0 0 0 1 0 0 0 -1 2456.dat
1 0 0 -208 -190 -1 0 0 0 1 0 0 0 -1 3010.dat
1 1 0 -192 -410 -1 0 0 0 1 0 0 0 -1 15573.dat
1 1 0 -192 -430 -1 0 0 0 1 0 0 0 -1 15573.dat
1 1 0 -192 -490 -1 0 0 0 1 0 0 0 -1 15573.dat
1 4 -30 -192 -70 -1 0 0 0 1 0 0 0 -1 98138.dat
1 4 30 -192 -70 -1 0 0 0 1 0 0 0 -1 98138.dat
1 4 0 -192 -460 -1 0 0 0 1 0 0 0 -1 3068b.dat
1 71 0 -208 -290 1 0 0 0 1 0 0 0 1 30136.dat
0 STEP
1 15 0 -232 -50 -1 0 0 0 1 0 0 0 -1 3009.dat
1 70 30 -200 -160 0 0 1 0 1 0 -1 0 0 3023.dat
1 70 -30 -200 -160 0 0 1 0 1 0 -1 0 0 3023.dat
1 71 0 -216 -190 -1 0 0 0 1 0 0 0 -1 3069b.dat
0 STEP
1 70 0 -200 80 1 0 0 0 1 0 0 0 1 10294 - Titanic - 1.2.1.ldr
1 70 0 -200 0 -1 0 0 0 1 0 0 0 -1 10294 - Titanic - 1.2.1.ldr
0 STEP
1 14 0 -208 -380 -1 0 0 0 1 0 0 0 -1 10294 - Titanic - 1.2.2.0.ldr
0 STEP
1 71 0 -248 -170 1 0 0 0 1 0 0 0 1 10294 - Titanic - 1.2.3.ldr
1 15 -30 -232 -210 0 0 1 0 1 0 -1 0 0 3622.dat
1 15 30 -232 -210 0 0 1 0 1 0 -1 0 0 3622.dat
1 4 0 -232 -260 0 0 1 0 1 0 -1 0 0 3001.dat
0 STEP
1 15 30 -256 -60 0 0 1 0 1 0 -1 0 0 2465.dat
1 15 -30 -256 -60 0 0 1 0 1 0 -1 0 0 2465.dat
1 15 0 -240 -260 0 0 1 0 1 0 -1 0 0 3031.dat
1 71 -130 -256 40 0 0 1 0 1 0 -1 0 0 3666.dat
1 1 -130 -264 -10 0 0 1 0 1 0 -1 0 0 6141.dat
1 71 130 -256 40 0 0 1 0 1 0 -1 0 0 3666.dat
1 1 130 -264 -10 0 0 1 0 1 0 -1 0 0 6141.dat
1 71 -70 -256 100 0 0 1 0 1 0 -1 0 0 30136.dat
1 71 70 -256 100 0 0 1 0 1 0 -1 0 0 30136.dat
0 STEP
1 71 -80 -264 60 0 0 1 0 1 0 -1 0 0 3958.dat
1 71 80 -264 60 0 0 1 0 1 0 -1 0 0 3958.dat
1 0 0 -264 -40 -1 0 0 0 1 0 0 0 -1 3029.dat
1 71 -60 -264 -100 1 0 0 0 1 0 0 0 1 18980.dat
1 71 60.006 -264 -100.001 1 0 0 0 1 0 0 0 1 18980.dat
1 1 -60 -264 -140 1 0 0 0 1 0 0 0 1 3020.dat
1 1 60 -264 -140 1 0 0 0 1 0 0 0 1 3020.dat
0 STEP
1 70 0 -232 -380 1 0 0 0 1 0 0 0 1 3003.dat
1 70 0 -240 -370 1 0 0 0 1 0 0 0 1 3023.dat
1 1 0 -240 -390 1 0 0 0 1 0 0 0 1 15573.dat
1 71 0 -216 -490 1 0 0 0 1 0 0 0 1 3062b.dat
1 71 0 -240 -490 1 0 0 0 1 0 0 0 1 3062b.dat
1 71 0 -240 -430 1 0 0 0 1 0 0 0 1 3062b.dat
1 71 0 -216 -430 1 0 0 0 1 0 0 0 1 3062b.dat
1 71 0 -240 -410 1 0 0 0 1 0 0 0 1 3062b.dat
1 71 0 -216 -410 1 0 0 0 1 0 0 0 1 3062b.dat
0 STEP
1 15 0 -248 -440 1 0 0 0 1 0 0 0 1 10294 - Titanic - 1.2.4.1.ldr
1 15 0 -264 -380 1 0 0 0 1 0 0 0 1 10294 - Titanic - 1.2.4.2.ldr
0 STEP
1 71 20 -280 -400 1 0 0 0 1 0 0 0 1 10294 - Titanic - 1.2.5.1.ldr
1 71 -20 -280 -400 1 0 0 0 1 0 0 0 1 10294 - Titanic - 1.2.5.2.ldr
0 STEP
1 0 0 -280 -210 1 0 0 0 1 0 0 0 1 3008.dat
1 19 0 -288 -210 1 0 0 0 1 0 0 0 1 3460.dat
1 1 -60 -296 -210 1 0 0 0 1 0 0 0 1 15573.dat
1 1 -20 -296 -210 1 0 0 0 1 0 0 0 1 15573.dat
1 1 60 -296 -210 1 0 0 0 1 0 0 0 1 15573.dat
1 1 20 -296 -210 1 0 0 0 1 0 0 0 1 15573.dat
1 71 40 -264 -240 0 0 -1 0 1 0 1 0 0 3831.dat
1 71 -40 -264 -240 0 0 1 0 1 0 -1 0 0 3830.dat
1 71 40.007 -264 -240.005 0.969 0 0.246 0 1 0 -0.246 0 0.969 3830.dat
1 71 -40 -264 -240 0.969 0 -0.246 0 1 0 0.246 0 0.969 3831.dat
0 STEP
1 71 -61.846 -272 -235.231 0.969 0 -0.246 0 1 0 0.246 0 0.969 3069b.dat
1 71 61.847 -272 -235.235 0.969 0 0.246 0 1 0 -0.246 0 0.969 3069b.dat
1 71 0 -296 -370 1 0 0 0 1 0 0 0 1 30136.dat
1 15 0 -264 -290 1 0 0 0 1 0 0 0 1 3009.dat
1 15 30 -288 -370 1 0 0 0 1 0 0 0 1 6141.dat
1 15 -30 -288 -370 1 0 0 0 1 0 0 0 1 6141.dat
0 STEP
1 19 0 -272 -260 1 0 0 0 1 0 0 0 1 10294 - Titanic - 1.2.6.ldr
0 STEP
1 1 40 -288 -290 -1 0 0 0 1 0 0 0 -1 3660.dat
1 1 -40 -288 -290 -1 0 0 0 1 0 0 0 -1 3660.dat
1 70 50 -296 -280 0 0 -1 0 1 0 1 0 0 3023.dat
1 70 -50 -296 -280 0 0 -1 0 1 0 1 0 0 3023.dat
1 71 30 -296 -320 0 0 -1 0 1 0 1 0 0 3666.dat
1 71 -30 -296 -320 0 0 -1 0 1 0 1 0 0 3666.dat
0 STEP
1 84 0 -282 -428 1 0 0 0 0 -1 0 1 0 10294 - Titanic - 1.2.7.ldr
0 STEP
1 40 0 -304 -390 1 0 0 0 1 0 0 0 1 3066.dat
1 1 0 -304 -360 1 0 0 0 1 0 0 0 1 3020.dat
1 1 -40 -304 -300 0 0 1 0 1 0 -1 0 0 3020.dat
1 1 40 -304 -300 0 0 1 0 1 0 -1 0 0 3020.dat
1 19 -24.769 -304 -421.846 -0.246 0 -0.969 0 1 0 0.969 0 -0.246 4865b.dat
1 19 24.769 -304 -421.846 -0.246 0 0.969 0 1 0 -0.969 0 -0.246 4865b.dat
0 STEP
1 71 39.751 -255 -435.964 0 -0.969 0.246 1 0 0 0 0.246 0.969 10294 - Titanic - 1.3.1.1.ldr
0 STEP
1 71 99.163 -232 -234.442 0 -0.969 0.246 1 0 0 0 0.246 0.969 10294 - Titanic - 1.3.2.1.ldr
0 STEP
1 71 -39.754 -255 -435.969 0 0.969 -0.246 -1 0 0 0 0.246 0.969 10294 - Titanic - 1.3.1.2.ldr
0 STEP
1 71 -99.191 -232 -234.401 0 0.969 -0.246 -1 0 0 0 0.246 0.969 10294 - Titanic - 1.3.2.2.ldr
0 STEP
1 70 138.61 -232 -71.073 -0.969 -0.246 0 0 0 -1 0.246 -0.969 0 10294 - Titanic - 1.3.3.1.ldr
1 70 -138.611 -232 -71.067 -0.969 0.246 0 0 0 -1 -0.246 -0.969 0 10294 - Titanic - 1.3.3.2.ldr
0 STEP
1 19 -80 -272 100 1 0 0 0 1 0 0 0 1 3795.dat
1 19 80 -272 100 1 0 0 0 1 0 0 0 1 3795.dat
1 19 -100 -272 40 1 0 0 0 1 0 0 0 1 3022.dat
1 19 100 -272 40 1 0 0 0 1 0 0 0 1 3022.dat
1 19 -30 -272 -20 0 0 -1 0 1 0 1 0 0 3460.dat
1 19 30.006 -272 -20.001 0 0 -1 0 1 0 1 0 0 3460.dat
1 19 0 -272 70 1 0 0 0 1 0 0 0 1 4162.dat
1 19 -130 -272 10 0 0 1 0 1 0 -1 0 0 63864.dat
1 19 130 -272 10 0 0 1 0 1 0 -1 0 0 63864.dat
1 19 -70 -272 30 0 0 1 0 1 0 -1 0 0 63864.dat
1 19 70 -272 30 0 0 1 0 1 0 -1 0 0 63864.dat
1 19 -90 -272 -10 0 0 1 0 1 0 -1 0 0 63864.dat
1 19 -90 -272 -70 0 0 1 0 1 0 -1 0 0 63864.dat
1 19 -70 -272 -30 0 0 1 0 1 0 -1 0 0 63864.dat
1 19 -70 -272 -90 0 0 1 0 1 0 -1 0 0 63864.dat
1 19 70 -272 -30 0 0 1 0 1 0 -1 0 0 63864.dat
1 19 70.006 -272 -90.001 0 0 1 0 1 0 -1 0 0 63864.dat
1 19 90 -272 -10 0 0 1 0 1 0 -1 0 0 63864.dat
1 19 90.006 -272 -70.001 0 0 1 0 1 0 -1 0 0 63864.dat
1 19 50 -272 -10 0 0 1 0 1 0 -1 0 0 63864.dat
1 19 50.006 -272 -70.001 0 0 1 0 1 0 -1 0 0 63864.dat
1 19 -50 -272 -10 0 0 1 0 1 0 -1 0 0 63864.dat
1 19 -50 -272 -70 0 0 1 0 1 0 -1 0 0 63864.dat
1 19 -30 -272 -110 -1 0 0 0 1 0 0 0 -1 63864.dat
1 19 30.006 -272 -110.001 -1 0 0 0 1 0 0 0 -1 63864.dat
1 19 -130 -272 60 0 0 -1 0 1 0 1 0 0 3069b.dat
1 19 130 -272 60 0 0 -1 0 1 0 1 0 0 3069b.dat
1 19 110 -272 0 0 0 -1 0 1 0 1 0 0 3069b.dat
1 19 50 -272 40 0 0 -1 0 1 0 1 0 0 3069b.dat
1 19 -50 -272 40 0 0 -1 0 1 0 1 0 0 3069b.dat
1 19 -110 -272 0 0 0 -1 0 1 0 1 0 0 3069b.dat
1 19 -100 -272 70 1 0 0 0 1 0 0 0 1 3069b.dat
1 19 100 -272 70 1 0 0 0 1 0 0 0 1 3069b.dat
1 19 0 -272 -20 1 0 0 0 1 0 0 0 1 87580.dat
0 STEP
1 191 0 -272 -130 1 0 0 0 1 0 0 0 1 3460.dat
1 15 80 -280 100 1 0 0 0 1 0 0 0 1 3034.dat
1 15 -80 -280 100 1 0 0 0 1 0 0 0 1 3034.dat
1 19 120.006 -272 -60.001 1 0 0 0 1 0 0 0 1 41770.dat
1 19 100.006 -272 -140.001 1 0 0 0 1 0 0 0 1 41770.dat
1 19 0.006 -280 39.999 0 0 1 0 1 0 -1 0 0 41770.dat
1 19 0.006 -280 19.999 0 0 -1 0 1 0 1 0 0 41770.dat
1 19 0.006 -280 -60.001 0 0 -1 0 1 0 1 0 0 41769.dat
1 19 0.006 -280 -80.001 0 0 1 0 1 0 -1 0 0 41769.dat
1 19 -120 -272 -60 1 0 0 0 1 0 0 0 1 41769.dat
1 19 -100 -272 -140 1 0 0 0 1 0 0 0 1 41769.dat
0 STEP
1 0 0 -304 110 1 0 0 0 1 0 0 0 1 32018.dat
1 15 0 -280 -130 1 0 0 0 1 0 0 0 1 3666.dat
1 15 -19.994 -288 29.999 0 0 -1 0 1 0 1 0 0 26603.dat
1 15 20.006 -288 29.999 0 0 -1 0 1 0 1 0 0 26603.dat
1 15 -19.994 -288 -70.001 0 0 -1 0 1 0 1 0 0 26603.dat
1 15 20.006 -288 -70.001 0 0 -1 0 1 0 1 0 0 26603.dat
0 STEP
1 15 -140 -304 90 1 0 0 0 1 0 0 0 1 3700.dat
1 15 -100 -304 90 1 0 0 0 1 0 0 0 1 3700.dat
1 15 -60 -304 90 1 0 0 0 1 0 0 0 1 3700.dat
1 15 -20 -304 90 1 0 0 0 1 0 0 0 1 3700.dat
1 15 20 -304 90 1 0 0 0 1 0 0 0 1 3700.dat
1 15 100 -304 90 1 0 0 0 1 0 0 0 1 3700.dat
1 15 140 -304 90 1 0 0 0 1 0 0 0 1 3700.dat
1 15 70 -304 90 1 0 0 0 1 0 0 0 1 6541.dat
1 14 150 -304 110 0 0 1 0 1 0 -1 0 0 6541.dat
1 14 -150 -304 110 0 0 1 0 1 0 -1 0 0 6541.dat
1 71 50 -304 90 1 0 0 0 1 0 0 0 1 87087.dat
1 71 -50 -288 -150 1 0 0 0 1 0 0 0 1 3062b.dat
1 71 50 -288 -150 1 0 0 0 1 0 0 0 1 3062b.dat
1 15 90.006 -288 -140.001 0 0 -1 0 1 0 1 0 0 99206.dat
1 15 -90 -288 -140 0 0 1 0 1 0 -1 0 0 99206.dat
0 STEP
1 15 0 -279.5 -20 0 0 -1 0 1 0 1 0 0 37762.dat
1 71 0 -311.5 -20 0 0 1 0 -1 0 1 0 0 20482.dat
1 15 90.006 -296 -130.001 0 0 -1 0 1 0 1 0 0 3024.dat
1 15 90.006 -304 -130.001 0 0 -1 0 1 0 1 0 0 3024.dat
1 15 -90 -304 -130 0 0 -1 0 1 0 1 0 0 3024.dat
1 15 -90 -296 -130 0 0 -1 0 1 0 1 0 0 3024.dat
1 15 70.006 -304 -130.001 1 0 0 0 1 0 0 0 1 6541.dat
1 15 -70 -304 -130 1 0 0 0 1 0 0 0 1 6541.dat
1 71 50 -304 -130 -1 0 0 0 1 0 0 0 -1 87087.dat
1 71 -50 -304 -130 -1 0 0 0 1 0 0 0 -1 87087.dat
1 15 20 -304 -130 1 0 0 0 1 0 0 0 1 3700.dat
1 15 -20 -304 -130 1 0 0 0 1 0 0 0 1 3700.dat
1 71 -70 -296 -150 1 0 0 0 1 0 0 0 1 34103.dat
1 71 70.006 -296 -150.001 1 0 0 0 1 0 0 0 1 34103.dat
0 STEP
1 19 80 -312 110 1 0 0 0 1 0 0 0 1 4162.dat
1 19 -80 -312 110 1 0 0 0 1 0 0 0 1 4162.dat
1 19 50 -312 90 1 0 0 0 1 0 0 0 1 3070b.dat
1 19 50 -312 -130 1 0 0 0 1 0 0 0 1 3070b.dat
1 19 -50 -312 -130 1 0 0 0 1 0 0 0 1 3070b.dat
1 15 50 -292 80 -1 0 0 0 0 1 0 1 0 61409.dat
1 15 50 -292 -120 1 0 0 0 0 1 0 -1 0 61409.dat
1 15 -50 -292 -120 1 0 0 0 0 1 0 -1 0 61409.dat
0 STEP
1 15 50.006 -304 -180.001 1 0 0 0 1 0 0 0 1 3031.dat
1 15 -50 -304 -180 1 0 0 0 1 0 0 0 1 3031.dat
1 15 -90 -312 -130 0 0 1 0 1 0 -1 0 0 15712.dat
1 15 -70 -312 -130 0 0 1 0 1 0 -1 0 0 15712.dat
1 15 -10 -312 -130 0 0 1 0 1 0 -1 0 0 15712.dat
1 15 -30 -312 -130 0 0 1 0 1 0 -1 0 0 15712.dat
1 15 30 -312 -130 0 0 1 0 1 0 -1 0 0 15712.dat
1 15 10 -312 -130 0 0 1 0 1 0 -1 0 0 15712.dat
1 15 90.006 -312 -130.001 0 0 1 0 1 0 -1 0 0 15712.dat
1 15 70.006 -312 -130.001 0 0 1 0 1 0 -1 0 0 15712.dat
1 15 80 -328 90 -1 0 0 0 1 0 0 0 -1 4865b.dat
1 15 120 -328 90 -1 0 0 0 1 0 0 0 -1 4865b.dat
1 15 10 -328 90 -1 0 0 0 1 0 0 0 -1 23950.dat
1 15 -50 -328 90 -1 0 0 0 1 0 0 0 -1 23950.dat
1 15 -110 -328 90 -1 0 0 0 1 0 0 0 -1 23950.dat
1 15 100.006 -292 -130.001 0 -1 0 1 0 0 0 0 1 85984.dat
1 15 -100 -292 -130 0 1 0 -1 0 0 0 0 1 85984.dat
0 STEP
1 72 -20 -312 -160 0 0 -1 0 1 0 1 0 0 11458.dat
1 72 20.006 -312 -160.001 0 0 -1 0 1 0 1 0 0 11458.dat
1 70 0 -318 -150 -1 0 0 0 0.191 0.982 0 0.982 -0.191 32034.dat
1 1 0 -318 -150 -1 0 0 0 0.969 -0.246 0 -0.246 -0.969 6558.dat
1 19 90.006 -312 -180.001 1 0 0 0 1 0 0 0 1 41770.dat
1 19 -90 -312 -180 1 0 0 0 1 0 0 0 1 41769.dat
1 19 -40 -312 -170 0 0 1 0 1 0 -1 0 0 63864.dat
1 19 40.006 -312 -170.001 0 0 1 0 1 0 -1 0 0 63864.dat
1 19 0.006 -312 -210.001 -1 0 0 0 1 0 0 0 -1 63864.dat
1 19 0.006 -312 -190.001 -1 0 0 0 1 0 0 0 -1 63864.dat
1 19 -60 -312 -160 0 0 -1 0 1 0 1 0 0 3069b.dat
1 19 -60 -312 -200 0 0 -1 0 1 0 1 0 0 3069b.dat
1 19 60.006 -312 -160.001 0 0 -1 0 1 0 1 0 0 3069b.dat
1 19 60.006 -312 -200.001 0 0 -1 0 1 0 1 0 0 3069b.dat
1 19 0 -312 -230 1 0 0 0 1 0 0 0 1 3069b.dat
1 19 40.006 -312 -210.001 1 0 0 0 1 0 0 0 1 3070b.dat
1 19 -40 -312 -210 1 0 0 0 1 0 0 0 1 3070b.dat
0 STEP
1 19 60 -312 -300 1 0 0 0 1 0 0 0 1 41770.dat
1 19 40 -312 -380 1 0 0 0 1 0 0 0 1 41770.dat
1 19 -60 -312 -300 1 0 0 0 1 0 0 0 1 41769.dat
1 19 -40 -312 -380 1 0 0 0 1 0 0 0 1 41769.dat
1 16 0 -312 -260 1 0 0 0 1 0 0 0 1 10294 - Titanic - 1.4.1.1.ldr
1 16 0 -292 -418 1 0 0 0 1 0 0 0 1 10294 - Titanic - 1.4.1.2.ldr
1 0 -4 -302 -476 0 1 0 1 0 0 0 0 -1 4735.dat
1 0 0 -302 -436 1 0 0 0 1 0 0 0 1 33078.dat
1 19 30 -312 -280 0 0 -1 0 1 0 1 0 0 3069b.dat
1 19 30 -312 -320 0 0 -1 0 1 0 1 0 0 3069b.dat
1 19 -30 -312 -280 0 0 -1 0 1 0 1 0 0 3069b.dat
1 19 -30 -312 -320 0 0 -1 0 1 0 1 0 0 3069b.dat
1 19 -10 -312 -360 0 0 -1 0 1 0 1 0 0 3069b.dat
1 19 10 -312 -360 0 0 -1 0 1 0 1 0 0 3069b.dat
1 19 0 -312 -290 -1 0 0 0 1 0 0 0 -1 3069b.dat
0 STEP
1 0 0 -252 -308 -1 0 0 0 0 1 0 1 0 10294 - Titanic - 1.4.2.0.ldr
0 STEP
1 71 161.185 -280 17.99 0.969 0 0.246 0 1 0 -0.246 0 0.969 10294 - Titanic - 1.4.3.ldr
1 71 -161.243 -280 18.081 0.969 0 -0.246 0 1 0 0.246 0 0.969 10294 - Titanic - 1.4.3.ldr
0 STEP
1 15 -62 -322 -230 -0.385 0 0.923 0 1 0 -0.923 0 -0.385 48729b.dat
1 15 -38 -322 -240 -0.385 0 0.923 0 1 0 -0.923 0 -0.385 48729b.dat
1 15 38 -322 -240 0.385 0 0.923 0 1 0 -0.923 0 0.385 48729b.dat
1 15 62 -322 -230 0.385 0 0.923 0 1 0 -0.923 0 0.385 48729b.dat
1 15 33.115 -292 -527.11 0 -0.969 0.246 1 0 0 0 0.246 0.969 10294 - Titanic - 93606p04.dat
1 15 -33.118 -292 -527.115 0 0.969 -0.246 -1 0 0 0 0.246 0.969 10294 - Titanic - 93606p03.dat
1 71 -50 -320 -290 0 0 1 0 1 0 -1 0 0 20482.dat
1 71 -50 -325 -290 0 1 0 0 0 1 1 0 0 32123b.dat
1 71 50 -320 -290 0 0 1 0 1 0 -1 0 0 20482.dat
1 71 50 -325 -290 0 1 0 0 0 1 1 0 0 32123b.dat
1 71 30 -320 -370 0 0 1 0 1 0 -1 0 0 20482.dat
1 71 30 -325 -370 0 1 0 0 0 1 1 0 0 32123b.dat
1 71 -30 -320 -370 0 0 1 0 1 0 -1 0 0 20482.dat
1 71 -30 -325 -370 0 1 0 0 0 1 1 0 0 32123b.dat
0 STEP
1 15 126.745 -318 -117.67 -0.246 0 0.969 0 1 0 -0.969 0 -0.246 10294 - Titanic - 1.4.4.ldr
1 15 0 -318 -553.66 -0.866 0.5 0 0 0 1 0.5 0.866 0 11090.dat
1 15 0 -318 -553.66 0.866 0.5 0 0 0 1 0.5 -0.866 0 23443.dat
1 15 -126.745 -318 -117.67 0.246 0 -0.969 0 -1 0 -0.969 0 -0.246 10294 - Titanic - 1.4.4.ldr
1 15 119.006 -318 -130.001 0 -1 0 0.969 0 0.246 -0.246 0 0.969 87994.dat
1 15 -59 -318 -130 0 -1 0 0.969 0 0.246 -0.246 0 0.969 87994.dat
1 15 24.154 -322 -245.769 0.385 0.923 0 0 0 -1 -0.923 0.385 0 87994.dat
1 15 -79.538 -322 -222.692 -0.385 0.923 0 0 0 -1 -0.923 -0.385 0 87994.dat
1 15 -20 -318 -130 0 -1 0 0.969 0 0.246 -0.246 0 0.969 78258.dat
1 15 20 -318 -130 0 -1 0 0.969 0 0.246 -0.246 0 0.969 78258.dat
0 STEP
1 72 0 -342 -418 1 0 0 0 1 0 0 0 1 10294 - Titanic - 1.4.5.ldr
0 STEP
1 70 -120 -312 40 0 0 -1 0 1 0 1 0 0 10294 - Titanic - 1.4.6.ldr
1 70 120 -312 40 0 0 1 0 1 0 -1 0 0 10294 - Titanic - 1.4.6.ldr
0 STEP
1 70 0 -465.3 -121.35 1 0 0 0 0.982 0.191 0 -0.191 0.982 10294 - Titanic - 1.4.7.0.ldr
0 STEP
1 16 0 -292 -492 1 0 0 0 1 0 0 0 1 10294 - Titanic - 1.4.8.0.ldr
0 STEP
1 0 0 -917.02 -33.49 -1 0 0 0 -0.191 -0.982 0 -0.982 0.191 30552.dat
1 179 0 -935.678 -29.861 1 0 0 0 0.982 0.191 0 -0.191 0.982 93550.dat

0 FILE 10294 - Titanic - 1.1.1.1.ldr
0 Titanic - 1.1.1.1
0 Name: 10294 - Titanic - 1.1.1.1.ldr
0 Author: Jens Brühl [jb70]
0 !LDRAW_ORG Unofficial_Model
0 !LICENSE Redistributable under CCAL version 2.0 : see CAreadme.txt

1 71 -23.016 0 259.75 -0.164 0 -0.986 0 1 0 0.986 0 -0.164 18980.dat
1 15 -41.1 -8 307.426 0.164 0 0.986 0 1 0 -0.986 0 0.164 61252.dat
0 STEP
1 320 -36.168 -8 277.834 0.164 0 0.986 0 1 0 -0.986 0 0.164 3023.dat
1 0 -29.592 -8 238.379 0.164 0 0.986 0 1 0 -0.986 0 0.164 11476.dat
1 14 -21.372 -8 189.059 0.164 0 0.986 0 1 0 -0.986 0 0.164 3623.dat
1 19 -19.728 -24 240.023 -0.164 0 -0.986 0 1 0 0.986 0 -0.164 68013.dat
0 STEP
1 19 -9.864 0 120.011 -0.164 0 -0.986 0 1 0 0.986 0 -0.164 3460.dat
1 19 -3.288 -8 80.556 -0.164 0 -0.986 0 1 0 0.986 0 -0.164 3460.dat
0 STEP
1 15 -26.304 -16 218.651 -0.164 0 -0.986 0 1 0 0.986 0 -0.164 4477.dat
1 1 -8.22 -16 110.147 -0.164 0 -0.986 0 1 0 0.986 0 -0.164 6141.dat
0 STEP
1 1 -9.864 -24 120.011 -0.164 0 -0.986 0 1 0 0.986 0 -0.164 15573.dat
1 320 -29.592 -24 238.379 0.164 0 0.986 0 1 0 -0.986 0 0.164 3023.dat
1 15 -19.728 -32 240.023 0.164 0 0.986 0 1 0 -0.986 0 0.164 18674.dat
0 STEP
1 15 0 0 0 0.164 0 0.986 0 1 0 -0.986 0 0.164 2429.dat
1 15 0 0 0 0 0 1 0 1 0 -1 0 0 2430.dat
1 1 10 -8 -20 0 0 -1 0 1 0 1 0 0 15573.dat

0 FILE 10294 - Titanic - 1.1.1.2.ldr
0 Titanic - 1.1.1.2
0 Name: 10294 - Titanic - 1.1.1.2.ldr
0 Author: Jens Brühl [jb70]
0 !LDRAW_ORG Unofficial_Model
0 !LICENSE Redistributable under CCAL version 2.0 : see CAreadme.txt

1 71 23.016 0 259.75 -0.164 0 0.986 0 1 0 -0.986 0 -0.164 18980.dat
1 15 41.1 -8 307.426 0.164 0 -0.986 0 1 0 0.986 0 0.164 61252.dat
0 STEP
1 320 36.168 -8 277.834 0.164 0 -0.986 0 1 0 0.986 0 0.164 3023.dat
1 0 29.592 -8 238.379 0.164 0 -0.986 0 1 0 0.986 0 0.164 11476.dat
1 14 21.372 -8 189.059 0.164 0 -0.986 0 1 0 0.986 0 0.164 3623.dat
1 19 19.728 -24 240.023 -0.164 0 0.986 0 1 0 -0.986 0 -0.164 68013.dat
0 STEP
1 19 9.864 0 120.011 -0.164 0 0.986 0 1 0 -0.986 0 -0.164 3460.dat
1 19 3.288 -8 80.556 -0.164 0 0.986 0 1 0 -0.986 0 -0.164 3460.dat
0 STEP
1 15 26.304 -16 218.651 -0.164 0 0.986 0 1 0 -0.986 0 -0.164 4477.dat
1 1 8.22 -16 110.147 -0.164 0 0.986 0 1 0 -0.986 0 -0.164 6141.dat
0 STEP
1 1 9.864 -24 120.011 -0.164 0 0.986 0 1 0 -0.986 0 -0.164 15573.dat
1 320 29.592 -24 238.379 0.164 0 -0.986 0 1 0 0.986 0 0.164 3023.dat
1 15 19.728 -32 240.023 0.164 0 -0.986 0 1 0 0.986 0 0.164 18674.dat
0 STEP
1 15 0 0 0 0.164 0 -0.986 0 1 0 0.986 0 0.164 2430.dat
1 15 0 0 0 0 0 -1 0 1 0 1 0 0 2429.dat
1 1 -10 -8 -20 0 0 1 0 1 0 -1 0 0 15573.dat

0 FILE 10294 - Titanic - 1.1.2.ldr
0 Titanic - 1.1.2
0 Name: 10294 - Titanic - 1.1.2.ldr
0 Author: Jens Brühl [jb70]
0 !LDRAW_ORG Unofficial_Model
0 !LICENSE Redistributable under CCAL version 2.0 : see CAreadme.txt

1 71 0 0 0 0 0 1 0 1 0 -1 0 0 3007.dat
0 STEP
1 19 0 -8 -60 0 0 1 0 1 0 -1 0 0 3022.dat
1 19 0 -8 40 0 0 1 0 1 0 -1 0 0 3022.dat
0 STEP
1 320 -10 -16 -60 0 0 1 0 1 0 -1 0 0 44728.dat
1 320 -10 -16 40 0 0 1 0 1 0 -1 0 0 44728.dat
1 320 10 -16 -60 0 0 -1 0 1 0 1 0 0 44728.dat
1 320 10 -16 40 0 0 -1 0 1 0 1 0 0 44728.dat
0 STEP
1 320 -16 34 0 0 1 0 0 0 1 1 0 0 99206.dat
1 320 16 34 0 0 -1 0 0 0 1 -1 0 0 99206.dat
0 STEP
1 320 16 54 10 0 -1 0 0 0 1 -1 0 0 3024.dat
1 320 -16 54 10 0 1 0 0 0 1 1 0 0 3024.dat
0 STEP
1 320 -24 54 -20 0 1 0 -1 0 0 0 0 1 61678.dat
1 320 24 54 -20 0 -1 0 1 0 0 0 0 1 61678.dat

0 FILE 10294 - Titanic - 1.1.3.1.ldr
0 Titanic - 1.1.3.1
0 Name: 10294 - Titanic - 1.1.3.1.ldr
0 Author: Jens Brühl [jb70]
0 !LDRAW_ORG Unofficial_Model
0 !LICENSE Redistributable under CCAL version 2.0 : see CAreadme.txt

1 19 -3.288 -8 80.556 0.164 0 0.986 0 1 0 -0.986 0 0.164 3460.dat
1 320 -13.152 -16 139.739 0.164 0 0.986 0 1 0 -0.986 0 0.164 3023.dat
0 STEP
1 15 -8.22 -16 110.147 0.164 0 0.986 0 1 0 -0.986 0 0.164 61252.dat
1 320 -3.288 -16 80.556 0.164 0 0.986 0 1 0 -0.986 0 0.164 3023.dat
1 0 3.288 -16 41.1 0.164 0 0.986 0 1 0 -0.986 0 0.164 11476.dat
1 1 8.22 -16 11.508 0.164 0 0.986 0 1 0 -0.986 0 0.164 6141.dat
0 STEP
1 19 -3.288 -24 80.556 0.164 0 0.986 0 1 0 -0.986 0 0.164 3460.dat
1 1 -9.864 -32 120.011 0.164 0 0.986 0 1 0 -0.986 0 0.164 15573.dat
1 4 -4.932 -32 90.419 0.164 0 0.986 0 1 0 -0.986 0 0.164 98138.dat
1 15 3.288 -32 41.1 0.164 0 0.986 0 1 0 -0.986 0 0.164 2431.dat
0 STEP
1 15 0 0 0 0.164 0 0.986 0 1 0 -0.986 0 0.164 2429.dat
1 15 0 0 0 0 0 1 0 1 0 -1 0 0 2430.dat

0 FILE 10294 - Titanic - 1.1.3.2.ldr
0 Titanic - 1.1.3.2
0 Name: 10294 - Titanic - 1.1.3.2.ldr
0 Author: Jens Brühl [jb70]
0 !LDRAW_ORG Unofficial_Model
0 !LICENSE Redistributable under CCAL version 2.0 : see CAreadme.txt

1 19 3.288 -8 80.556 0.164 0 -0.986 0 1 0 0.986 0 0.164 3460.dat
1 320 13.152 -16 139.739 0.164 0 -0.986 0 1 0 0.986 0 0.164 3023.dat
0 STEP
1 15 8.22 -16 110.147 0.164 0 -0.986 0 1 0 0.986 0 0.164 61252.dat
1 320 3.288 -16 80.556 0.164 0 -0.986 0 1 0 0.986 0 0.164 3023.dat
1 0 -3.288 -16 41.1 0.164 0 -0.986 0 1 0 0.986 0 0.164 11476.dat
1 1 -8.22 -16 11.508 0.164 0 -0.986 0 1 0 0.986 0 0.164 6141.dat
0 STEP
1 19 3.288 -24 80.556 0.164 0 -0.986 0 1 0 0.986 0 0.164 3460.dat
1 1 9.864 -32 120.011 0.164 0 -0.986 0 1 0 0.986 0 0.164 15573.dat
1 4 4.932 -32 90.419 0.164 0 -0.986 0 1 0 0.986 0 0.164 98138.dat
1 15 -3.288 -32 41.1 0.164 0 -0.986 0 1 0 0.986 0 0.164 2431.dat
0 STEP
1 15 0 0 0 0.164 0 -0.986 0 1 0 0.986 0 0.164 2430.dat
1 15 0 0 0 0 0 -1 0 1 0 1 0 0 2429.dat

0 FILE 10294 - Titanic - 1.1.4.1.ldr
0 Titanic - 1.1.4.1
0 Name: 10294 - Titanic - 1.1.4.1.ldr
0 Author: Jens Brühl [jb70]
0 !LDRAW_ORG Unofficial_Model
0 !LICENSE Redistributable under CCAL version 2.0 : see CAreadme.txt

1 1 0 -8 0 1 0 0 0 1 0 0 0 1 3034.dat
1 14 0 -16 10 1 0 0 0 1 0 0 0 1 3666.dat
0 STEP
1 0 -70 -16 40 1 0 0 0 1 0 0 0 1 85970.dat
0 STEP
1 0 -40 -24 -20 1 0 0 0 1 0 0 0 1 42918.dat
1 320 0 -24 -20 1 0 0 0 1 0 0 0 1 42918.dat
1 320 40 -24 -20 1 0 0 0 1 0 0 0 1 42918.dat
1 320 70 -16 40 1 0 0 0 1 0 0 0 1 85970.dat
0 STEP
1 0 -50 0 -130 1 0 0 0 1 0 0 0 1 4161.dat
1 320 10 0 -130 1 0 0 0 1 0 0 0 1 4161.dat
1 320 60 0 -130 1 0 0 0 1 0 0 0 1 3298.dat

0 FILE 10294 - Titanic - 1.1.4.2.ldr
0 Titanic - 1.1.4.2
0 Name: 10294 - Titanic - 1.1.4.2.ldr
0 Author: Jens Brühl [jb70]
0 !LDRAW_ORG Unofficial_Model
0 !LICENSE Redistributable under CCAL version 2.0 : see CAreadme.txt

1 1 0 -8 0 1 0 0 0 1 0 0 0 1 3034.dat
1 14 0 -16 10 1 0 0 0 1 0 0 0 1 3666.dat
0 STEP
1 0 70 -16 40 1 0 0 0 1 0 0 0 1 85970.dat
0 STEP
1 0 40 -24 -20 1 0 0 0 1 0 0 0 1 42918.dat
1 320 0 -24 -20 1 0 0 0 1 0 0 0 1 42918.dat
1 320 -40 -24 -20 1 0 0 0 1 0 0 0 1 42918.dat
1 320 -70 -16 40 1 0 0 0 1 0 0 0 1 85970.dat
0 STEP
1 0 50 0 -130 1 0 0 0 1 0 0 0 1 4161.dat
1 320 -10 0 -130 1 0 0 0 1 0 0 0 1 4161.dat
1 320 -60 0 -130 1 0 0 0 1 0 0 0 1 3298.dat

0 FILE 10294 - Titanic - 1.2.1.ldr
0 Titanic - 1.2.1
0 Name: 10294 - Titanic - 1.2.1.ldr
0 Author: Jens Brühl [jb70]
0 !LDRAW_ORG Unofficial_Model
0 !LICENSE Redistributable under CCAL version 2.0 : see CAreadme.txt

1 72 0 0 0 1 0 0 0 1 0 0 0 1 91988.dat
0 STEP
1 19 -120 -8 0 1 0 0 0 1 0 0 0 1 3022.dat
1 19 120 -8 0 1 0 0 0 1 0 0 0 1 3022.dat
1 70 0 -8 10 1 0 0 0 1 0 0 0 1 3023.dat
0 STEP
1 71 0 -32 10 1 0 0 0 1 0 0 0 1 6112.dat
1 4 -130 -32 0 0 0 1 0 1 0 -1 0 0 11211.dat
1 4 130 -32 0 0 0 -1 0 1 0 1 0 0 11211.dat
0 STEP
1 320 130 -48 0 0 0 -1 0 1 0 1 0 0 99206.dat
1 320 -130 -48 0 0 0 1 0 1 0 -1 0 0 99206.dat

0 FILE 10294 - Titanic - 1.2.2.0.ldr
0 Titanic - 1.2.2.0
0 Name: 10294 - Titanic - 1.2.2.0.ldr
0 Author: Jens Brühl [jb70]
0 !LDRAW_ORG Unofficial_Model
0 !LICENSE Redistributable under CCAL version 2.0 : see CAreadme.txt

1 15 34.615 8 3.077 0.246 0 0.969 0 1 0 -0.969 0 0.246 4477.dat
1 14 17.385 0 70.923 0.246 0 0.969 0 1 0 -0.969 0 0.246 3623.dat
0 STEP
1 72 20 0 20 0.246 0 0.969 0 1 0 -0.969 0 0.246 2430.dat
1 72 20 0 20 0 0 -1 0 1 0 1 0 0 2429.dat
1 71 54.308 0 -74.462 -0.246 0 -0.969 0 1 0 0.969 0 -0.246 3666.dat
1 320 69.385 8 -215.077 -0.969 0 0.246 0 1 0 -0.246 0 -0.969 47397.dat
0 STEP
1 72 40 0 -140 -0.969 0 0.246 0 1 0 -0.246 0 -0.969 2429.dat
1 72 40 0 -140 -1 0 0 0 1 0 0 0 -1 2430.dat
1 19 93.692 0 -229.538 0.246 0 0.969 0 1 0 -0.969 0 0.246 3460.dat
1 14 96.462 0 -321.692 -0.969 0 0.246 0 1 0 -0.246 0 -0.969 3623.dat
1 72 60 0 -300 -0.969 0 0.246 0 1 0 -0.246 0 -0.969 2429.dat
1 72 60 0 -300 0 0 -1 0 1 0 1 0 0 2430.dat
0 STEP
1 1 12.462 -24 90.308 -0.246 0 -0.969 0 1 0 0.969 0 -0.246 87087.dat
1 71 24.769 -24 41.846 -0.246 0 -0.969 0 1 0 0.969 0 -0.246 30414.dat
1 14 44.462 -24 -35.692 -0.246 0 -0.969 0 1 0 0.969 0 -0.246 3010.dat
1 71 56.769 -24 -84.154 -0.246 0 -0.969 0 1 0 0.969 0 -0.246 3062b.dat
1 71 69.077 -24 -132.615 -0.246 0 -0.969 0 1 0 0.969 0 -0.246 30414.dat
1 71 83.846 -24 -190.769 -0.246 0 -0.969 0 1 0 0.969 0 -0.246 30136.dat
1 71 98.615 -24 -248.923 -0.246 0 -0.969 0 1 0 0.969 0 -0.246 30414.dat
1 15 115.846 -24 -316.769 -0.246 0 -0.969 0 1 0 0.969 0 -0.246 3622.dat
1 70 111.077 6 -338.615 -0.246 0.969 0 0 0 1 0.969 0.246 0 4070.dat
0 STEP
1 15 52.154 -8 -147.231 0.246 0 0.969 0 1 0 -0.969 0 0.246 6141.dat
1 71 52.154 -32 -147.231 -0.246 0 -0.969 0 1 0 0.969 0 -0.246 3062b.dat
1 70 50 8 -280 0 0 -1 0 1 0 1 0 0 3023.dat
1 0 81.846 -24 -304.769 0.969 0 -0.246 0 1 0 0.246 0 0.969 3039.dat
0 STEP
1 0 0 8 -150 1 0 0 0 1 0 0 0 1 3710.dat
1 19 0 8 0 1 0 0 0 1 0 0 0 1 3022.dat
0 STEP
1 0 0 0 0 1 0 0 0 1 0 0 0 1 10294 - Titanic - 1.2.2.1.ldr
0 STEP
1 1 0 -24 -280 1 0 0 0 1 0 0 0 1 2456.dat
1 70 111.077 -34 -338.615 -0.246 0.969 0 0 0 1 0.969 0.246 0 4070.dat
1 70 -111.076 -34 -338.609 -0.246 -0.969 0 0 0 1 -0.969 0.246 0 4070.dat
1 1 -103.324 -14 -340.577 0 -0.969 0.246 1 0 0 0 0.246 0.969 63864.dat
1 1 103.323 -14 -340.585 0 0.969 0.246 1 0 0 0 0.246 -0.969 63864.dat
1 72 60 -32 -300 -0.969 0 0.246 0 1 0 -0.246 0 -0.969 2429.dat
1 72 -60.006 -32 -299.999 -0.969 0 -0.246 0 1 0 0.246 0 -0.969 2430.dat
1 72 -60.006 -32 -299.999 0 0 1 0 1 0 -1 0 0 2429.dat
1 72 60 -32 -300 0 0 -1 0 1 0 1 0 0 2430.dat
1 15 -93.706 -32 -229.559 -0.246 0 0.969 0 1 0 -0.969 0 -0.246 4477.dat
1 15 93.692 -32 -229.538 -0.246 0 -0.969 0 1 0 0.969 0 -0.246 4477.dat
0 STEP
1 70 50 -40 -280 0 0 1 0 1 0 -1 0 0 3023.dat
1 70 -50.006 -40 -279.999 0 0 1 0 1 0 -1 0 0 3023.dat
1 14 50 -48 -280 0 0 1 0 1 0 -1 0 0 3023.dat
1 14 -50.006 -48 -279.999 0 0 1 0 1 0 -1 0 0 3023.dat
1 14 91.538 -40 -302.308 -0.969 0 0.246 0 1 0 -0.246 0 -0.969 3623.dat
1 14 -91.536 -40 -302.309 -0.969 0 -0.246 0 1 0 0.246 0 -0.969 3623.dat
1 1 -115.817 -40 -316.725 -0.246 0 0.969 0 1 0 -0.969 0 -0.246 6141.dat
1 1 -105.977 -40 -277.965 -0.246 0 0.969 0 1 0 -0.969 0 -0.246 6141.dat
1 71 -88.757 -40 -210.135 -0.246 0 0.969 0 1 0 -0.969 0 -0.246 3666.dat
1 71 88.769 -40 -210.154 -0.246 0 -0.969 0 1 0 0.969 0 -0.246 3666.dat
1 1 106 -40 -278 -0.246 0 -0.969 0 1 0 0.969 0 -0.246 6141.dat
1 1 115.846 -40 -316.769 -0.246 0 -0.969 0 1 0 0.969 0 -0.246 6141.dat
0 STEP
1 14 49.385 -32 -55.077 -0.246 0 -0.969 0 1 0 0.969 0 -0.246 4162.dat
1 14 103.538 -48 -268.308 -0.246 0 -0.969 0 1 0 0.969 0 -0.246 4162.dat
1 71 78.923 -48 -171.385 -0.246 0 -0.969 0 1 0 0.969 0 -0.246 3069b.dat
1 71 14.923 -32 80.615 -0.246 0 -0.969 0 1 0 0.969 0 -0.246 3069b.dat
1 71 -14.929 -32 80.606 -0.246 0 0.969 0 1 0 -0.969 0 -0.246 3069b.dat
1 71 -78.917 -48 -171.375 -0.246 0 0.969 0 1 0 -0.969 0 -0.246 3069b.dat
1 14 -49.397 -32 -55.095 -0.246 0 0.969 0 1 0 -0.969 0 -0.246 4162.dat
1 14 -103.517 -48 -268.275 -0.246 0 0.969 0 1 0 -0.969 0 -0.246 4162.dat
0 STEP

0 FILE 10294 - Titanic - 1.2.2.1.ldr
0 Titanic - 1.2.2.1
0 Name: 10294 - Titanic - 1.2.2.1.ldr
0 Author: Jens Brühl [jb70]
0 !LDRAW_ORG Unofficial_Model
0 !LICENSE Redistributable under CCAL version 2.0 : see CAreadme.txt

1 15 -34.615 8 3.077 0.246 0 -0.969 0 1 0 0.969 0 0.246 4477.dat
1 14 -17.385 0 70.923 0.246 0 -0.969 0 1 0 0.969 0 0.246 3623.dat
0 STEP
1 72 -20 0 20 0.246 0 -0.969 0 1 0 0.969 0 0.246 2429.dat
1 72 -20 0 20 0 0 1 0 1 0 -1 0 0 2430.dat
1 71 -54.308 0 -74.462 -0.246 0 0.969 0 1 0 -0.969 0 -0.246 3666.dat
1 320 -69.385 8 -215.077 -0.969 0 -0.246 0 1 0 0.246 0 -0.969 47398.dat
0 STEP
1 72 -40 0 -140 -0.969 0 -0.246 0 1 0 0.246 0 -0.969 2430.dat
1 72 -40 0 -140 -1 0 0 0 1 0 0 0 -1 2429.dat
1 19 -93.692 0 -229.538 0.246 0 -0.969 0 1 0 0.969 0 0.246 3460.dat
1 14 -96.462 0 -321.692 -0.969 0 -0.246 0 1 0 0.246 0 -0.969 3623.dat
1 72 -60 0 -300 -0.969 0 -0.246 0 1 0 0.246 0 -0.969 2430.dat
1 72 -60 0 -300 0 0 1 0 1 0 -1 0 0 2429.dat
0 STEP
1 1 -12.462 -24 90.308 -0.246 0 0.969 0 1 0 -0.969 0 -0.246 87087.dat
1 71 -24.769 -24 41.846 -0.246 0 0.969 0 1 0 -0.969 0 -0.246 30414.dat
1 14 -44.462 -24 -35.692 -0.246 0 0.969 0 1 0 -0.969 0 -0.246 3010.dat
1 71 -56.769 -24 -84.154 -0.246 0 0.969 0 1 0 -0.969 0 -0.246 3062b.dat
1 71 -69.077 -24 -132.615 -0.246 0 0.969 0 1 0 -0.969 0 -0.246 30414.dat
1 71 -83.846 -24 -190.769 -0.246 0 0.969 0 1 0 -0.969 0 -0.246 30136.dat
1 71 -98.615 -24 -248.923 -0.246 0 0.969 0 1 0 -0.969 0 -0.246 30414.dat
1 15 -115.846 -24 -316.769 -0.246 0 0.969 0 1 0 -0.969 0 -0.246 3622.dat
1 70 -111.077 6 -338.615 -0.246 -0.969 0 0 0 1 -0.969 0.246 0 4070.dat
0 STEP
1 15 -52.154 -8 -147.231 0.246 0 -0.969 0 1 0 0.969 0 0.246 6141.dat
1 71 -52.154 -32 -147.231 -0.246 0 0.969 0 1 0 -0.969 0 -0.246 3062b.dat
1 70 -50 8 -280 0 0 1 0 1 0 -1 0 0 3023.dat
1 0 -81.846 -24 -304.769 0.969 0 0.246 0 1 0 -0.246 0 0.969 3039.dat
0 STEP

0 FILE 10294 - Titanic - 1.2.3.ldr
0 Titanic - 1.2.3
0 Name: 10294 - Titanic - 1.2.3.ldr
0 Author: Jens Brühl [jb70]
0 !LDRAW_ORG Unofficial_Model
0 !LICENSE Redistributable under CCAL version 2.0 : see CAreadme.txt

1 15 0 -1.283 6.662 1 0 0 0 0.982 0.191 0 -0.191 0.982 6143.dat
1 0 10 22.278 2.089 0 0 -1 0.191 0.982 0 0.982 -0.191 0 18677.dat
1 0 -10 22.278 2.089 0 0 -1 0.191 0.982 0 0.982 -0.191 0 18677.dat
0 STEP
1 0 20 34 10 1 0 0 0 1 0 0 0 1 2780.dat
1 0 -20 34 10 1 0 0 0 1 0 0 0 1 2780.dat
0 STEP
1 4 0 -1.283 6.662 0 -1 0 0.982 0 0.191 -0.191 0 0.982 32062.dat
0 STEP
1 70 0 -20.916 10.473 0 -1 0 -0.191 0 0.982 -0.982 0 -0.191 59443.dat
1 4 0 -40.55 14.284 0 -1 0 0.982 0 0.191 -0.191 0 0.982 32062.dat
0 STEP
1 19 30 24 10 0 0 -1 0 1 0 1 0 0 3700.dat
1 19 -30 24 10 0 0 -1 0 1 0 1 0 0 3700.dat
0 STEP
1 70 30 16 10 0 0 -1 0 1 0 1 0 0 3023.dat
1 70 -30 16 10 0 0 -1 0 1 0 1 0 0 3023.dat

0 FILE 10294 - Titanic - 1.2.4.1.ldr
0 Titanic - 1.2.4.1
0 Name: 10294 - Titanic - 1.2.4.1.ldr
0 Author: Jens Brühl [jb70]
0 !LDRAW_ORG Unofficial_Model
0 !LICENSE Redistributable under CCAL version 2.0 : see CAreadme.txt

1 71 0 0 0 0 0 1 0 1 0 -1 0 0 3666.dat
0 STEP
1 4 0 -8 -40 0 0 1 0 1 0 -1 0 0 30383.dat
1 15 0 -8 0 0 0 1 0 1 0 -1 0 0 44861.dat
1 70 0 -8 40 0 0 1 0 1 0 -1 0 0 3023.dat
0 STEP
1 14 0 -16 30 0 0 1 0 1 0 -1 0 0 3623.dat
1 15 0 -16 -30 0 0 1 0 1 0 -1 0 0 6141.dat
0 STEP
1 15 0 -24 50 0 0 1 0 1 0 -1 0 0 6141.dat
1 71 0 -24 20 0 0 1 0 1 0 -1 0 0 3069b.dat
1 0 0 -24 -30 0 0 1 0 1 0 -1 0 0 98138.dat

0 FILE 10294 - Titanic - 1.2.4.2.ldr
0 Titanic - 1.2.4.2
0 Name: 10294 - Titanic - 1.2.4.2.ldr
0 Author: Jens Brühl [jb70]
0 !LDRAW_ORG Unofficial_Model
0 !LICENSE Redistributable under CCAL version 2.0 : see CAreadme.txt

1 4 -30 0 10 0 0 1 0 1 0 -1 0 0 2357.dat
1 1 0 -8 10 -1 0 0 0 1 0 0 0 -1 3710.dat
0 STEP
1 4 30 0 10 -1 0 0 0 1 0 0 0 -1 2357.dat
0 STEP
1 15 -30 -8 -10 -1 0 0 0 1 0 0 0 -1 6141.dat
1 15 30 -8 -10 -1 0 0 0 1 0 0 0 -1 6141.dat

0 FILE 10294 - Titanic - 1.2.5.1.ldr
0 Titanic - 1.2.5.1
0 Name: 10294 - Titanic - 1.2.5.1.ldr
0 Author: Jens Brühl [jb70]
0 !LDRAW_ORG Unofficial_Model
0 !LICENSE Redistributable under CCAL version 2.0 : see CAreadme.txt

1 1 7.231 40 -12.154 0.246 0 -0.969 0 1 0 0.969 0 0.246 6141.dat
1 15 7.231 32 -12.154 0.246 0 -0.969 0 1 0 0.969 0 0.246 6141.dat
0 STEP
1 70 7.231 8 -12.154 0.246 0 -0.969 0 1 0 0.969 0 0.246 4070.dat
0 STEP
1 72 0 0 0 0 0 1 0 1 0 -1 0 0 2429.dat
1 72 0 0 0 -0.246 0 0.969 0 1 0 -0.969 0 -0.246 2430.dat
0 STEP
1 71 2.308 8 -31.538 0.246 0 -0.969 0 1 0 0.969 0 0.246 32952.dat

0 FILE 10294 - Titanic - 1.2.5.2.ldr
0 Titanic - 1.2.5.2
0 Name: 10294 - Titanic - 1.2.5.2.ldr
0 Author: Jens Brühl [jb70]
0 !LDRAW_ORG Unofficial_Model
